2013-04-04 19:47:00,21.780026199499417
2013-04-04 19:48:00,21.879026318630736
2013-04-04 19:49:00,21.780026199515557
2013-04-04 19:50:00,21.780026199528763
2013-04-04 19:51:00,21.888926330540933
2013-04-04 19:52:00,21.780026199514236
2013-04-04 19:53:00,21.997826461553103
2013-04-04 19:54:00,21.671126068487535
2013-04-04 19:55:00,22.106726592579804
2013-04-04 19:56:00,21.780026199485178
2013-04-04 19:57:00,21.780026199528763
2013-04-04 19:58:00,21.780026199528763
2013-04-04 19:59:00,21.67112607592553
2013-04-04 20:00:00,21.78002624107783
2013-04-04 20:01:00,21.81796880319461
2013-04-04 20:02:00,21.812386998524904
2013-04-04 20:03:00,21.813410697482105
2013-04-04 20:04:00,21.813229529987925
2013-04-04 20:05:00,21.941736296382366
2013-04-04 20:06:00,21.79039417281707
2013-04-04 20:07:00,21.700530312991727
2013-04-04 20:08:00,21.576367482767296
2013-04-04 20:09:00,21.855411127580645
2013-04-04 20:10:00,21.67728112322773
2013-04-04 20:11:00,21.83860139091796
2013-04-04 20:12:00,22.20166185819484
2013-04-04 20:13:00,21.751734332028242
2013-04-04 20:14:00,21.7150020746136
2013-04-04 20:15:00,22.095282580254306
2013-04-04 20:16:00,21.774459703584878
2013-04-04 20:17:00,21.823994506184928
2013-04-04 20:18:00,21.815487029213084
2013-04-04 20:19:00,21.81627612189551
2013-04-04 20:20:00,21.827829272319804
2013-04-04 20:21:00,21.81445949072347
2013-04-04 20:22:00,22.081342900155068
2013-04-04 20:23:00,21.91296750961134
2013-04-04 20:24:00,21.920037605254468
2013-04-04 20:25:00,21.914933853328108
2013-04-04 20:26:00,21.942000453009538
2013-04-04 20:27:00,22.140544916338666
2013-04-04 20:28:00,21.762224212782215
2013-04-04 20:29:00,21.829807027524772
2013-04-04 20:30:00,21.817770127923346
2013-04-04 20:31:00,21.819937126604188
2013-04-04 20:32:00,21.819147430863005
2013-04-04 20:33:00,21.82728119729903
2013-04-04 20:34:00,21.814245319076193
2013-04-04 20:35:00,21.8200658699811
2013-04-04 20:36:00,21.94795011944091
2013-04-04 20:37:00,22.054084726585216
2013-04-04 20:38:00,22.040921374925095
2013-04-04 20:39:00,21.77008903891871
2013-04-04 20:40:00,22.085239914989497
2013-04-04 20:41:00,21.88899614957914
2013-04-04 20:42:00,21.80712286528337
2013-04-04 20:43:00,22.078640267478242
2013-04-04 20:44:00,22.03033801965054
2013-04-04 20:45:00,22.365683149266538
2013-04-04 20:46:00,21.850908798657596
2013-04-04 20:47:00,21.946192476528985
2013-04-04 20:48:00,22.03437497141407
2013-04-04 20:49:00,21.781315441270504
2013-04-04 20:50:00,22.075496045822373
2013-04-04 20:51:00,22.132272208435285
2013-04-04 20:52:00,21.888239645988396
2013-04-04 20:53:00,21.803840423150756
2013-04-04 20:54:00,22.180267494944
2013-04-04 20:55:00,21.883845972468905
2013-04-04 20:56:00,22.331692518705683
2013-04-04 20:57:00,21.715054577202427
2013-04-04 20:58:00,21.838112791380087
2013-04-04 20:59:00,21.81919757928759
2013-04-04 21:00:00,22.046162643357537
2013-04-04 21:01:00,21.9152338618349
2013-04-04 21:02:00,21.805565714099618
2013-04-04 21:03:00,21.932031442075168
2013-04-04 21:04:00,22.052795157025876
2013-04-04 21:05:00,21.788463819338965
2013-04-04 21:06:00,22.203715155320978
2013-04-04 21:07:00,21.879356621711214
2013-04-04 21:08:00,22.05040152847804
2013-04-04 21:09:00,22.03581321526489
2013-04-04 21:10:00,25.027900742342904
2013-04-04 21:11:00,21.372164160286157
2013-04-04 21:12:00,21.89629644559792
2013-04-04 21:13:00,21.93027634803118
2013-04-04 21:14:00,22.188552632678142
2013-04-04 21:15:00,21.875030010017976
2013-04-04 21:16:00,21.802210853510275
2013-04-04 21:17:00,22.0905601668355
2013-04-04 21:18:00,21.99724716555942
2013-04-04 21:19:00,22.048598537491372
2013-04-04 21:20:00,22.01292345305829
2013-04-04 21:21:00,21.87359712553898
2013-04-04 21:22:00,21.718217792337963
2013-04-04 21:23:00,21.833860252736837
2013-04-04 21:24:00,22.0544259717075
2013-04-04 21:25:00,21.785468057657436
2013-04-04 21:26:00,21.946074376999476
2013-04-04 21:27:00,21.910191127512366
2013-04-04 21:28:00,21.81121311365189
2013-04-04 21:29:00,22.20539497300512
2013-04-04 21:30:00,21.75184678076873
2013-04-04 21:31:00,21.830786336130814
2013-04-04 21:32:00,21.810621990702018
2013-04-04 21:33:00,21.81801429176988
2013-04-04 21:34:00,21.82292484976021
2013-04-04 21:35:00,21.825921524325892
2013-04-04 21:36:00,21.8113739866161
2013-04-04 21:37:00,21.824471790009408
2013-04-04 21:38:00,21.818575881066767
2013-04-04 21:39:00,21.81636035312833
2013-04-04 21:40:00,21.831184045003166
2013-04-04 21:41:00,21.677684811651208
2013-04-04 21:42:00,21.844693957865527
2013-04-04 21:43:00,21.815035994641296
2013-04-04 21:44:00,21.82052497840655
2013-04-04 21:45:00,21.819416766786603
2013-04-04 21:46:00,21.819398826631108
2013-04-04 21:47:00,21.819268270490088
2013-04-04 21:48:00,21.81977577847752
2013-04-04 21:49:00,21.81932231746231
2013-04-04 21:50:00,21.819526207858914
2013-04-04 21:51:00,21.8196027402656
2013-04-04 21:52:00,21.815289354408712
2013-04-04 21:53:00,21.82439479755379
2013-04-04 21:54:00,21.947098157344602
2013-04-04 21:55:00,21.79678661744237
2013-04-04 21:56:00,21.823527079531623
2013-04-04 21:57:00,21.818773187365906
2013-04-04 21:58:00,21.948101076758363
2013-04-04 21:59:00,21.925091948549273
2013-04-04 22:00:00,21.683900152122234
2013-04-04 22:01:00,21.843627510149698
2013-04-04 22:02:00,21.686725447077873
2013-04-04 22:03:00,21.843116596544867
2013-04-04 22:04:00,21.815435552530055
2013-04-04 22:05:00,21.82387438513597
2013-04-04 22:06:00,21.814951857037826
2013-04-04 22:07:00,21.820302821949802
2013-04-04 22:08:00,21.819350876278953
2013-04-04 22:09:00,21.951795767322533
2013-04-04 22:10:00,21.924463955274604
2013-04-04 22:11:00,21.922070728557422
2013-04-04 22:12:00,21.804662433153933
2013-04-04 22:13:00,21.818332491449123
2013-04-04 22:14:00,21.95193885594405
2013-04-04 22:15:00,21.795926247453266
2013-04-04 22:16:00,21.823683378318982
2013-04-04 22:17:00,21.935417637815327
2013-04-04 22:18:00,22.18441959878861
2013-04-04 22:19:00,22.011505438402494
2013-04-04 22:20:00,21.789127441554893
2013-04-04 22:21:00,21.824804867072952
2013-04-04 22:22:00,21.818586157380913
2013-04-04 22:23:00,21.944616897834305
2013-04-04 22:24:00,21.79711081869298
2013-04-04 22:25:00,0.0
2013-04-04 22:26:00,0.6916699013111824
2013-04-04 22:27:00,0.0
2013-04-04 22:28:00,0.03139804719872552
2013-04-04 22:29:00,0.009747008086384228
2013-04-04 22:30:00,0.0019213992774785977
2013-04-04 22:31:00,0.0
2013-04-04 22:32:00,0.007308792894002652
2013-04-04 22:33:00,0.00605012069823431
2013-04-04 22:34:00,0.010070751252948871
2013-04-04 22:35:00,0.001913687339987064
2013-04-04 22:36:00,0.0
2013-04-04 22:37:00,0.13364449234033174
2013-04-04 22:38:00,0.0
2013-04-04 22:39:00,0.003999301734926401
2013-04-04 22:40:00,0.0
2013-04-04 22:41:00,0.0
2013-04-04 22:42:00,0.0
2013-04-04 22:43:00,1.7993273634986366e-05
2013-04-04 22:44:00,0.0
2013-04-04 22:45:00,0.0
2013-04-04 22:46:00,0.0
2013-04-04 22:47:00,0.0
2013-04-04 22:48:00,0.02602809980671363
2013-04-04 22:49:00,0.0
2013-04-04 22:50:00,0.000825928416469571
2013-04-04 22:51:00,0.0
2013-04-04 22:52:00,3.749265305229456e-05
2013-04-04 22:53:00,1.1638978755665082e-05
2013-04-04 22:54:00,2.2943578854940184e-06
2013-04-04 22:55:00,0.0
2013-04-04 22:56:00,8.727486781952727e-06
2013-04-04 22:57:00,7.224496469073805e-06
2013-04-04 22:58:00,1.2025562865832076e-05
2013-04-04 22:59:00,2.285148499011005e-06
2013-04-04 23:00:00,0.0
2013-04-04 23:01:00,0.00015958593390087098
2013-04-04 23:02:00,0.0
2013-04-04 23:03:00,4.7755974897554265e-06
2013-04-04 23:04:00,0.0
2013-04-04 23:05:00,0.0
2013-04-04 23:06:00,0.0
2013-04-04 23:07:00,2.1485908646857808e-08
2013-04-04 23:08:00,0.0
2013-04-04 23:09:00,0.0
2013-04-04 23:10:00,0.0
2013-04-04 23:11:00,0.0
2013-04-04 23:12:00,3.108035761907211e-05
2013-04-04 23:13:00,0.0
2013-04-04 23:14:00,9.862475838451192e-07
2013-04-04 23:15:00,0.0
2013-04-04 23:16:00,4.477027034652329e-08
2013-04-04 23:17:00,1.389819559988517e-08
2013-04-04 23:18:00,2.7397107013286023e-09
2013-04-04 23:19:00,0.0
2013-04-04 23:20:00,1.0421560254953029e-08
2013-04-04 23:21:00,8.626827766578427e-09
2013-04-04 23:22:00,1.4359818707469791e-08
2013-04-04 23:23:00,2.7287130731383927e-09
2013-04-04 23:24:00,0.0
2013-04-04 23:25:00,1.905628122269236e-07
2013-04-04 23:26:00,0.0
2013-04-04 23:27:00,5.702578323857832e-09
2013-04-04 23:28:00,0.0
2013-04-04 23:29:00,0.0
2013-04-04 23:30:00,0.0
2013-04-04 23:31:00,2.5656491405960246e-11
2013-04-04 23:32:00,0.0
2013-04-04 23:33:00,0.0
2013-04-04 23:34:00,0.0
2013-04-04 23:35:00,0.0
2013-04-04 23:36:00,3.7113298200902436e-08
2013-04-04 23:37:00,0.0
2013-04-04 23:38:00,1.1776859558823163e-09
2013-04-04 23:39:00,0.0
2013-04-04 23:40:00,5.3460530096525384e-11
2013-04-04 23:41:00,1.659594411053036e-11
2013-04-04 23:42:00,3.2715099830026065e-12
2013-04-04 23:43:00,0.0
2013-04-04 23:44:00,1.2444466644418795e-11
2013-04-04 23:45:00,1.0301362542398705e-11
2013-04-04 23:46:00,1.7147171871454155e-11
2013-04-04 23:47:00,3.2583768795500555e-12
2013-04-04 23:48:00,0.0
2013-04-04 23:49:00,2.2755254499053004e-10
2013-04-04 23:50:00,0.0
2013-04-04 23:51:00,6.809493389988053e-12
2013-04-04 23:52:00,0.0
2013-04-04 23:53:00,0.0
2013-04-04 23:54:00,0.0
2013-04-04 23:55:00,3.0636616867510406e-14
2013-04-04 23:56:00,0.0
2013-04-04 23:57:00,0.0
2013-04-04 23:58:00,0.0
2013-04-04 23:59:00,0.0
2013-04-05 00:00:00,4.4317279750471206e-11
2013-04-05 00:01:00,0.0
2013-04-05 00:02:00,1.4062840136703958e-12
2013-04-05 00:03:00,0.0
2013-04-05 00:04:00,6.3837637255265e-14
2013-04-05 00:05:00,1.981734671529034e-14
2013-04-05 00:06:00,3.906535665862645e-15
2013-04-05 00:07:00,0.0
2013-04-05 00:08:00,1.4860034992404313e-14
2013-04-05 00:09:00,1.2300937621712087e-14
2013-04-05 00:10:00,2.047557209313794e-14
2013-04-05 00:11:00,3.890852429191018e-15
2013-04-05 00:12:00,0.0
2013-04-05 00:13:00,2.7172227428091825e-13
2013-04-05 00:14:00,0.0
2013-04-05 00:15:00,8.131269330277619e-15
2013-04-05 00:16:00,0.0
2013-04-05 00:17:00,0.0
2013-04-05 00:18:00,0.0
2013-04-05 00:19:00,3.658342359581474e-17
2013-04-05 00:20:00,0.0
2013-04-05 00:21:00,0.0
2013-04-05 00:22:00,0.0
2013-04-05 00:23:00,0.0
2013-04-05 00:24:00,5.291961048166204e-14
2013-04-05 00:25:00,0.0
2013-04-05 00:26:00,1.6792547429363574e-15
2013-04-05 00:27:00,0.0
2013-04-05 00:28:00,7.622902210241388e-17
2013-04-05 00:29:00,2.366404877109932e-17
2013-04-05 00:30:00,4.664824801986466e-18
2013-04-05 00:31:00,0.0
2013-04-05 00:32:00,1.7744484057459884e-17
2013-04-05 00:33:00,1.4688645870919716e-17
2013-04-05 00:34:00,2.445004083963468e-17
2013-04-05 00:35:00,4.646096257542594e-18
2013-04-05 00:36:00,0.0
2013-04-05 00:37:00,3.244656935982288e-16
2013-04-05 00:38:00,0.0
2013-04-05 00:39:00,9.70961232134029e-18
2013-04-05 00:40:00,0.0
2013-04-05 00:41:00,0.0
2013-04-05 00:42:00,0.0
2013-04-05 00:43:00,4.3684551978391137e-20
2013-04-05 00:44:00,0.0
2013-04-05 00:45:00,0.0
2013-04-05 00:46:00,0.0
2013-04-05 00:47:00,0.0
2013-04-05 00:48:00,6.319172091109807e-17
2013-04-05 00:49:00,0.0
2013-04-05 00:50:00,2.0052112263683737e-18
2013-04-05 00:51:00,0.0
2013-04-05 00:52:00,9.102567169669264e-20
2013-04-05 00:53:00,2.825742579398389e-20
2013-04-05 00:54:00,5.5703037920230676e-21
2013-04-05 00:55:00,0.0
2013-04-05 00:56:00,2.1188827255547636e-20
2013-04-05 00:57:00,1.7539826975503124e-20
2013-04-05 00:58:00,2.919598506652464e-20
2013-04-05 00:59:00,5.547938614273874e-21
2013-04-05 01:00:00,0.0
2013-04-05 01:01:00,3.874470232548504e-19
2013-04-05 01:02:00,0.0
2013-04-05 01:03:00,1.1594324034954134e-20
2013-04-05 01:04:00,0.0
2013-04-05 01:05:00,0.0
2013-04-05 01:06:00,0.0
2013-04-05 01:07:00,5.2164064868195545e-23
2013-04-05 01:08:00,0.0
2013-04-05 01:09:00,0.0
2013-04-05 01:10:00,0.0
2013-04-05 01:11:00,0.0
2013-04-05 01:12:00,7.545772834230988e-20
2013-04-05 01:13:00,0.0
2013-04-05 01:14:00,2.3944384133897585e-21
2013-04-05 01:15:00,0.0
2013-04-05 01:16:00,1.086944667439423e-22
2013-04-05 01:17:00,3.374241323731906e-23
2013-04-05 01:18:00,6.651543338179293e-24
2013-04-05 01:19:00,0.0
2013-04-05 01:20:00,2.5301744418806596e-23
2013-04-05 01:21:00,2.094444464344106e-23
2013-04-05 01:22:00,3.4863154200664546e-23
2013-04-05 01:23:00,6.624835380408024e-24
2013-04-05 01:24:00,0.0
2013-04-05 01:25:00,4.626535217462018e-22
2013-04-05 01:26:00,0.0
2013-04-05 01:27:00,1.3844873037007007e-23
2013-04-05 01:28:00,0.0
2013-04-05 01:29:00,0.0
2013-04-05 01:30:00,0.0
2013-04-05 01:31:00,6.228951746876845e-26
2013-04-05 01:32:00,0.0
2013-04-05 01:33:00,0.0
2013-04-05 01:34:00,0.0
2013-04-05 01:35:00,0.0
2013-04-05 01:36:00,9.01046637832876e-23
2013-04-05 01:37:00,0.0
2013-04-05 01:38:00,2.8592176425722884e-24
2013-04-05 01:39:00,0.0
2013-04-05 01:40:00,1.2979291314781105e-25
2013-04-05 01:41:00,4.029207966000944e-26
2013-04-05 01:42:00,7.942659939487569e-27
2013-04-05 01:43:00,0.0
2013-04-05 01:44:00,3.0213010985164353e-26
2013-04-05 01:45:00,2.500992524241156e-26
2013-04-05 01:46:00,4.1630365204320707e-26
2013-04-05 01:47:00,7.910765938286756e-27
2013-04-05 01:48:00,0.0
2013-04-05 01:49:00,5.5245818998941925e-25
2013-04-05 01:50:00,0.0
2013-04-05 01:51:00,1.653227120727111e-26
2013-04-05 01:52:00,0.0
2013-04-05 01:53:00,0.0
2013-04-05 01:54:00,0.0
2013-04-05 01:55:00,7.43803995393318e-29
2013-04-05 01:56:00,0.0
2013-04-05 01:57:00,0.0
2013-04-05 01:58:00,0.0
2013-04-05 01:59:00,0.0
2013-04-05 02:00:00,1.075946839887437e-25
2013-04-05 02:01:00,0.0
2013-04-05 02:02:00,3.414214156388872e-27
2013-04-05 02:03:00,0.0
2013-04-05 02:04:00,1.5498673306968549e-28
2013-04-05 02:05:00,4.811308758239655e-29
2013-04-05 02:06:00,9.484392374358171e-30
2013-04-05 02:07:00,0.0
2013-04-05 02:08:00,3.6077592820484154e-29
2013-04-05 02:09:00,2.9864547438687745e-29
2013-04-05 02:10:00,4.9711144811219645e-29
2013-04-05 02:11:00,9.446305324872889e-30
2013-04-05 02:12:00,0.0
2013-04-05 02:13:00,6.596946469453545e-28
2013-04-05 02:14:00,0.0
2013-04-05 02:15:00,1.9741314386935747e-29
2013-04-05 02:16:00,0.0
2013-04-05 02:17:00,0.0
2013-04-05 02:18:00,0.0
2013-04-05 02:19:00,8.881821629786354e-32
2013-04-05 02:20:00,0.0
2013-04-05 02:21:00,0.0
2013-04-05 02:22:00,0.0
2013-04-05 02:23:00,0.0
2013-04-05 02:24:00,1.2847965395532417e-28
2013-04-05 02:25:00,0.0
2013-04-05 02:26:00,4.076939835611508e-30
2013-04-05 02:27:00,0.0
2013-04-05 02:28:00,1.8507087055098655e-31
2013-04-05 02:29:00,5.745221433702529e-32
2013-04-05 02:30:00,1.1325387136816907e-32
2013-04-05 02:31:00,0.0
2013-04-05 02:32:00,4.308053587773089e-32
2013-04-05 02:33:00,3.5661489791467714e-32
2013-04-05 02:34:00,5.936046696476185e-32
2013-04-05 02:35:00,1.1279904498102545e-32
2013-04-05 02:36:00,0.0
2013-04-05 02:37:00,7.87746539184605e-31
2013-04-05 02:38:00,0.0
2013-04-05 02:39:00,2.3573257953355683e-32
2013-04-05 02:40:00,0.0
2013-04-05 02:41:00,0.0
2013-04-05 02:42:00,0.0
2013-04-05 02:43:00,1.0605852610623059e-34
2013-04-05 02:44:00,0.0
2013-04-05 02:45:00,0.0
2013-04-05 02:46:00,0.0
2013-04-05 02:47:00,0.0
2013-04-05 02:48:00,1.5341855999323136e-31
2013-04-05 02:49:00,0.0
2013-04-05 02:50:00,4.868305754076087e-33
2013-04-05 02:51:00,0.0
2013-04-05 02:52:00,2.2099457449109455e-34
2013-04-05 02:53:00,6.860413866756624e-35
2013-04-05 02:54:00,1.3523733385973303e-35
2013-04-05 02:55:00,0.0
2013-04-05 02:56:00,5.144280497724048e-35
2013-04-05 02:57:00,4.258366401693703e-35
2013-04-05 02:58:00,7.088279804570709e-35
2013-04-05 02:59:00,1.3469419112600987e-35
2013-04-05 03:00:00,0.0
2013-04-05 03:01:00,9.406543055498283e-34
2013-04-05 03:02:00,0.0
2013-04-05 03:03:00,2.8149011744789987e-35
2013-04-05 03:04:00,0.0
2013-04-05 03:05:00,0.0
2013-04-05 03:06:00,0.0
2013-04-05 03:07:00,1.2664531476406792e-37
2013-04-05 03:08:00,0.0
2013-04-05 03:09:00,0.0
2013-04-05 03:10:00,0.0
2013-04-05 03:11:00,0.0
2013-04-05 03:12:00,1.8319830281128608e-34
2013-04-05 03:13:00,0.0
2013-04-05 03:14:00,5.813281988650072e-36
2013-04-05 03:15:00,0.0
2013-04-05 03:16:00,2.638913504275382e-37
2013-04-05 03:17:00,8.192073876751381e-38
2013-04-05 03:18:00,1.6148795841189388e-38
2013-04-05 03:19:00,0.0
2013-04-05 03:20:00,6.142825593992556e-38
2013-04-05 03:21:00,5.084948642670669e-38
2013-04-05 03:22:00,8.464170374150044e-38
2013-04-05 03:23:00,1.6083935042305525e-38
2013-04-05 03:24:00,0.0
2013-04-05 03:25:00,1.1232426656743136e-36
2013-04-05 03:26:00,0.0
2013-04-05 03:27:00,3.3612955145028306e-38
2013-04-05 03:28:00,0.0
2013-04-05 03:29:00,0.0
2013-04-05 03:30:00,0.0
2013-04-05 03:31:00,1.512281599654211e-40
2013-04-05 03:32:00,0.0
2013-04-05 03:33:00,0.0
2013-04-05 03:34:00,0.0
2013-04-05 03:35:00,0.0
2013-04-05 03:36:00,2.187585267024822e-37
2013-04-05 03:37:00,0.0
2013-04-05 03:38:00,6.941685503476939e-39
2013-04-05 03:39:00,0.0
2013-04-05 03:40:00,3.1511472619105423e-40
2013-04-05 03:41:00,9.782219514094681e-41
2013-04-05 03:42:00,1.9283403456540918e-41
2013-04-05 03:43:00,0.0
2013-04-05 03:44:00,7.33519610660899e-41
2013-04-05 03:45:00,6.071976964761455e-41
2013-04-05 03:46:00,1.010713206840996e-40
2013-04-05 03:47:00,1.920594825081031e-41
2013-04-05 03:48:00,0.0
2013-04-05 03:49:00,1.3412728550194303e-39
2013-04-05 03:50:00,0.0
2013-04-05 03:51:00,4.013749270578925e-41
2013-04-05 03:52:00,0.0
2013-04-05 03:53:00,0.0
2013-04-05 03:54:00,0.0
2013-04-05 03:55:00,1.805827275105456e-43
2013-04-05 03:56:00,0.0
2013-04-05 03:57:00,0.0
2013-04-05 03:58:00,0.0
2013-04-05 03:59:00,0.0
2013-04-05 04:00:00,2.6122126826871706e-40
2013-04-05 04:01:00,0.0
2013-04-05 04:02:00,8.289120968716604e-42
2013-04-05 04:03:00,0.0
2013-04-05 04:04:00,3.762809599541198e-43
2013-04-05 04:05:00,1.16810248615436e-43
2013-04-05 04:06:00,2.302646293411477e-44
2013-04-05 04:07:00,0.0
2013-04-05 04:08:00,8.759015065482402e-44
2013-04-05 04:09:00,7.250595207826875e-44
2013-04-05 04:10:00,1.2069005482245991e-43
2013-04-05 04:11:00,2.293396779100078e-44
2013-04-05 04:12:00,0.0
2013-04-05 04:13:00,1.601624409923902e-42
2013-04-05 04:14:00,0.0
2013-04-05 04:15:00,4.792849405106743e-44
2013-04-05 04:16:00,0.0
2013-04-05 04:17:00,0.0
2013-04-05 04:18:00,0.0
2013-04-05 04:19:00,2.156352459925746e-46
2013-04-05 04:20:00,0.0
2013-04-05 04:21:00,0.0
2013-04-05 04:22:00,0.0
2013-04-05 04:23:00,0.0
2013-04-05 04:24:00,3.1192636019495916e-43
2013-04-05 04:25:00,0.0
2013-04-05 04:26:00,9.898104199563955e-45
2013-04-05 04:27:00,0.0
2013-04-05 04:28:00,4.493200382458462e-46
2013-04-05 04:29:00,1.3948403183899266e-46
2013-04-05 04:30:00,2.7496079540684613e-47
2013-04-05 04:31:00,0.0
2013-04-05 04:32:00,1.0459208425010328e-46
2013-04-05 04:33:00,8.657992474750332e-47
2013-04-05 04:34:00,1.4411693875629644e-46
2013-04-05 04:35:00,2.7385624066567125e-47
2013-04-05 04:36:00,0.0
2013-04-05 04:37:00,1.9125122385533757e-45
2013-04-05 04:38:00,0.0
2013-04-05 04:39:00,5.723178970947223e-47
2013-04-05 04:40:00,0.0
2013-04-05 04:41:00,0.0
2013-04-05 04:42:00,0.0
2013-04-05 04:43:00,2.5749173221211146e-49
2013-04-05 04:44:00,0.0
2013-04-05 04:45:00,0.0
2013-04-05 04:46:00,0.0
2013-04-05 04:47:00,0.0
2013-04-05 04:48:00,3.7247370717297545e-46
2013-04-05 04:49:00,0.0
2013-04-05 04:50:00,1.1819403663570186e-47
2013-04-05 04:51:00,0.0
2013-04-05 04:52:00,5.365365730805642e-49
2013-04-05 04:53:00,1.6655897379444592e-49
2013-04-05 04:54:00,3.2833283699319477e-50
2013-04-05 04:55:00,0.0
2013-04-05 04:56:00,1.2489422618864062e-49
2013-04-05 04:57:00,1.0338576564295666e-49
2013-04-05 04:58:00,1.7209116415631083e-49
2013-04-05 04:59:00,3.2701380430541413e-50
2013-04-05 05:00:00,0.0
2013-04-05 05:01:00,2.283745827019602e-48
2013-04-05 05:02:00,0.0
2013-04-05 05:03:00,6.834092783844314e-50
2013-04-05 05:04:00,0.0
2013-04-05 05:05:00,0.0
2013-04-05 05:06:00,0.0
2013-04-05 05:07:00,3.074728894731656e-52
2013-04-05 05:08:00,0.0
2013-04-05 05:09:00,0.0
2013-04-05 05:10:00,0.0
2013-04-05 05:11:00,0.0
2013-04-05 05:12:00,4.4477376791261484e-49
2013-04-05 05:13:00,0.0
2013-04-05 05:14:00,1.4113642385030727e-50
2013-04-05 05:15:00,0.0
2013-04-05 05:16:00,6.406825196955196e-52
2013-04-05 05:17:00,1.988893738279775e-52
2013-04-05 05:18:00,3.9206480941579215e-53
2013-04-05 05:19:00,0.0
2013-04-05 05:20:00,1.49137172732495e-52
2013-04-05 05:21:00,1.2345375176465007e-52
2013-04-05 05:22:00,2.05495405580008e-52
2013-04-05 05:23:00,3.9048965233129723e-53
2013-04-05 05:24:00,0.0
2013-04-05 05:25:00,2.7270387594353085e-51
2013-04-05 05:26:00,0.0
2013-04-05 05:27:00,8.160643658931907e-53
2013-04-05 05:28:00,0.0
2013-04-05 05:29:00,0.0
2013-04-05 05:30:00,0.0
2013-04-05 05:31:00,3.671557799110211e-55
2013-04-05 05:32:00,0.0
2013-04-05 05:33:00,0.0
2013-04-05 05:34:00,0.0
2013-04-05 05:35:00,0.0
2013-04-05 05:36:00,5.311078361064448e-52
2013-04-05 05:37:00,0.0
2013-04-05 05:38:00,1.6853210791547378e-53
2013-04-05 05:39:00,0.0
2013-04-05 05:40:00,7.650440093703819e-55
2013-04-05 05:41:00,2.37495357473222e-55
2013-04-05 05:42:00,4.681676563024602e-56
2013-04-05 05:43:00,0.0
2013-04-05 05:44:00,1.780858648905661e-55
2013-04-05 05:45:00,1.4741709102781258e-55
2013-04-05 05:46:00,2.4538367162265156e-55
2013-04-05 05:47:00,4.662866416348557e-56
2013-04-05 05:48:00,0.0
2013-04-05 05:49:00,3.256378318233328e-54
2013-04-05 05:50:00,0.0
2013-04-05 05:51:00,9.744688436993089e-56
2013-04-05 05:52:00,0.0
2013-04-05 05:53:00,0.0
2013-04-05 05:54:00,0.0
2013-04-05 05:55:00,4.3842358574457336e-58
2013-04-05 05:56:00,0.0
2013-04-05 05:57:00,0.0
2013-04-05 05:58:00,0.0
2013-04-05 05:59:00,0.0
2013-04-05 06:00:00,6.342000224012535e-55
2013-04-05 06:01:00,0.0
2013-04-05 06:02:00,2.0124550859073712e-56
2013-04-05 06:03:00,0.0
2013-04-05 06:04:00,9.13545037176394e-58
2013-04-05 06:05:00,2.8359506461173847e-58
2013-04-05 06:06:00,5.590426611721052e-59
2013-04-05 06:07:00,0.0
2013-04-05 06:08:00,2.126537247068971e-58
2013-04-05 06:09:00,1.7603190195897387e-58
2013-04-05 06:10:00,2.9301456219452927e-58
2013-04-05 06:11:00,5.567963987497306e-59
2013-04-05 06:12:00,0.0
2013-04-05 06:13:00,3.888466826799302e-57
2013-04-05 06:14:00,0.0
2013-04-05 06:15:00,1.1636208699069142e-58
2013-04-05 06:16:00,0.0
2013-04-05 06:17:00,0.0
2013-04-05 06:18:00,0.0
2013-04-05 06:19:00,5.235250295765796e-61
2013-04-05 06:20:00,0.0
2013-04-05 06:21:00,0.0
2013-04-05 06:22:00,0.0
2013-04-05 06:23:00,0.0
2013-04-05 06:24:00,7.57303208633396e-58
2013-04-05 06:25:00,0.0
2013-04-05 06:26:00,2.403088362738384e-59
2013-04-05 06:27:00,0.0
2013-04-05 06:28:00,1.0908712763288638e-60
2013-04-05 06:29:00,3.386430856072808e-61
2013-04-05 06:30:00,6.67557215461462e-62
2013-04-05 06:31:00,0.0
2013-04-05 06:32:00,2.5393147659139315e-61
2013-04-05 06:33:00,2.1020107160741326e-61
2013-04-05 06:34:00,3.4989098129594566e-61
2013-04-05 06:35:00,6.648747829740052e-62
2013-04-05 06:36:00,0.0
2013-04-05 06:37:00,4.6432486601623504e-60
2013-04-05 06:38:00,0.0
2013-04-05 06:39:00,1.3894887842106625e-61
2013-04-05 06:40:00,0.0
2013-04-05 06:41:00,0.0
2013-04-05 06:42:00,0.0
2013-04-05 06:43:00,6.251453286384933e-64
2013-04-05 06:44:00,0.0
2013-04-05 06:45:00,0.0
2013-04-05 06:46:00,0.0
2013-04-05 06:47:00,0.0
2013-04-05 06:48:00,9.043016864537143e-61
2013-04-05 06:49:00,0.0
2013-04-05 06:50:00,2.869546614763276e-62
2013-04-05 06:51:00,0.0
2013-04-05 06:52:00,1.302617925874177e-63
2013-04-05 06:53:00,4.043763581944704e-64
2013-04-05 06:54:00,7.971352937186112e-65
2013-04-05 06:55:00,0.0
2013-04-05 06:56:00,3.0322156309634534e-64
2013-04-05 06:57:00,2.510027444639129e-64
2013-04-05 06:58:00,4.178075583525573e-64
2013-04-05 06:59:00,7.939319974542521e-65
2013-04-05 07:00:00,0.0
2013-04-05 07:01:00,5.544539552583977e-63
2013-04-05 07:02:00,0.0
2013-04-05 07:03:00,1.659199427732566e-64
2013-04-05 07:04:00,0.0
2013-04-05 07:05:00,0.0
2013-04-05 07:06:00,0.0
2013-04-05 07:07:00,7.464909218086663e-67
2013-04-05 07:08:00,0.0
2013-04-05 07:09:00,0.0
2013-04-05 07:10:00,0.0
2013-04-05 07:11:00,0.0
2013-04-05 07:12:00,1.079833718912583e-63
2013-04-05 07:13:00,0.0
2013-04-05 07:14:00,3.4265480628919477e-65
2013-04-05 07:15:00,0.0
2013-04-05 07:16:00,1.5554662567696088e-66
2013-04-05 07:17:00,4.8286897331267106e-67
2013-04-05 07:18:00,9.518654907394061e-68
2013-04-05 07:19:00,0.0
2013-04-05 07:20:00,3.620792410644663e-67
2013-04-05 07:21:00,2.9972434130157114e-67
2013-04-05 07:22:00,4.989072744029265e-67
2013-04-05 07:23:00,9.48040191511233e-68
2013-04-05 07:24:00,0.0
2013-04-05 07:25:00,6.620778058673533e-66
2013-04-05 07:26:00,0.0
2013-04-05 07:27:00,1.9812630172124495e-67
2013-04-05 07:28:00,0.0
2013-04-05 07:29:00,0.0
2013-04-05 07:30:00,0.0
2013-04-05 07:31:00,8.913906428068277e-70
2013-04-05 07:32:00,0.0
2013-04-05 07:33:00,0.0
2013-04-05 07:34:00,0.0
2013-04-05 07:35:00,0.0
2013-04-05 07:36:00,1.2894378922075164e-66
2013-04-05 07:37:00,0.0
2013-04-05 07:38:00,4.0916678498624625e-68
2013-04-05 07:39:00,0.0
2013-04-05 07:40:00,1.8573944269384806e-69
2013-04-05 07:41:00,5.765976191810443e-70
2013-04-05 07:42:00,1.1366300295573248e-70
2013-04-05 07:43:00,0.0
2013-04-05 07:44:00,4.3236165486081835e-70
2013-04-05 07:45:00,3.5790318133982175e-70
2013-04-05 07:46:00,5.957490798721291e-70
2013-04-05 07:47:00,1.1320619493893057e-70
2013-04-05 07:48:00,0.0
2013-04-05 07:49:00,7.905922878985354e-69
2013-04-05 07:50:00,0.0
2013-04-05 07:51:00,2.3658416690380472e-70
2013-04-05 07:52:00,0.0
2013-04-05 07:53:00,0.0
2013-04-05 07:54:00,0.0
2013-04-05 07:55:00,1.0644165318961885e-72
2013-04-05 07:56:00,0.0
2013-04-05 07:57:00,0.0
2013-04-05 07:58:00,0.0
2013-04-05 07:59:00,0.0
2013-04-05 08:00:00,1.5397278754500168e-69
2013-04-05 08:01:00,0.0
2013-04-05 08:02:00,4.88589259111934e-71
2013-04-05 08:03:00,0.0
2013-04-05 08:04:00,2.2179292171769177e-72
2013-04-05 08:05:00,6.885197285806316e-73
2013-04-05 08:06:00,1.3572588108934597e-73
2013-04-05 08:07:00,0.0
2013-04-05 08:08:00,5.16286435103034e-73
2013-04-05 08:09:00,4.273749894883624e-73
2013-04-05 08:10:00,7.113886374842698e-73
2013-04-05 08:11:00,1.3518037196420505e-73
2013-04-05 08:12:00,0.0
2013-04-05 08:13:00,9.44052436353478e-72
2013-04-05 08:14:00,0.0
2013-04-05 08:15:00,2.8250700458900926e-73
2013-04-05 08:16:00,0.0
2013-04-05 08:17:00,0.0
2013-04-05 08:18:00,0.0
2013-04-05 08:19:00,1.2710280980809414e-75
2013-04-05 08:20:00,0.0
2013-04-05 08:21:00,0.0
2013-04-05 08:22:00,0.0
2013-04-05 08:23:00,0.0
2013-04-05 08:24:00,1.838601102670467e-72
2013-04-05 08:25:00,0.0
2013-04-05 08:26:00,5.8342825683559e-74
2013-04-05 08:27:00,0.0
2013-04-05 08:28:00,2.6484466309696415e-75
2013-04-05 08:29:00,8.221667951353411e-76
2013-04-05 08:30:00,1.620713364809987e-76
2013-04-05 08:31:00,0.0
2013-04-05 08:32:00,6.165016718635816e-76
2013-04-05 08:33:00,5.103318192267087e-76
2013-04-05 08:34:00,8.49474738006056e-76
2013-04-05 08:35:00,1.6141990263198672e-76
2013-04-05 08:36:00,0.0
2013-04-05 08:37:00,1.1273004002529798e-74
2013-04-05 08:38:00,0.0
2013-04-05 08:39:00,3.373438243409815e-76
2013-04-05 08:40:00,0.0
2013-04-05 08:41:00,0.0
2013-04-05 08:42:00,0.0
2013-04-05 08:43:00,1.5177445837235595e-78
2013-04-05 08:44:00,0.0
2013-04-05 08:45:00,0.0
2013-04-05 08:46:00,0.0
2013-04-05 08:47:00,0.0
2013-04-05 08:48:00,2.1954879616328633e-75
2013-04-05 08:49:00,0.0
2013-04-05 08:50:00,6.966762460003925e-77
2013-04-05 08:51:00,0.0
2013-04-05 08:52:00,3.16253084308188e-78
2013-04-05 08:53:00,9.817558030132128e-79
2013-04-05 08:54:00,1.935306508818751e-79
2013-04-05 08:55:00,0.0
2013-04-05 08:56:00,7.361694702180988e-79
2013-04-05 08:57:00,6.093912187679243e-79
2013-04-05 08:58:00,1.0143644310405693e-78
2013-04-05 08:59:00,1.9275272428321365e-79
2013-04-05 09:00:00,0.0
2013-04-05 09:01:00,1.3461182276263995e-77
2013-04-05 09:02:00,0.0
2013-04-05 09:03:00,4.028248998164008e-79
2013-04-05 09:04:00,0.0
2013-04-05 09:05:00,0.0
2013-04-05 09:06:00,0.0
2013-04-05 09:07:00,1.812350667070386e-81
2013-04-05 09:08:00,0.0
2013-04-05 09:09:00,0.0
2013-04-05 09:10:00,0.0
2013-04-05 09:11:00,0.0
2013-04-05 09:12:00,2.621649352148107e-78
2013-04-05 09:13:00,0.0
2013-04-05 09:14:00,8.319065558697714e-80
2013-04-05 09:15:00,0.0
2013-04-05 09:16:00,3.77640282288129e-81
2013-04-05 09:17:00,1.1723222860045754e-81
2013-04-05 09:18:00,2.3109646433472398e-82
2013-04-05 09:19:00,0.0
2013-04-05 09:20:00,8.790657245794411e-82
2013-04-05 09:21:00,7.276788229159686e-82
2013-04-05 09:22:00,1.2112605036089053e-81
2013-04-05 09:23:00,2.3016748314675483e-82
2013-04-05 09:24:00,0.0
2013-04-05 09:25:00,1.6074103072627278e-80
2013-04-05 09:26:00,0.0
2013-04-05 09:27:00,4.8101636432530497e-82
2013-04-05 09:28:00,0.0
2013-04-05 09:29:00,0.0
2013-04-05 09:30:00,0.0
2013-04-05 09:31:00,2.1641420932448067e-84
2013-04-05 09:32:00,0.0
2013-04-05 09:33:00,0.0
2013-04-05 09:34:00,0.0
2013-04-05 09:35:00,0.0
2013-04-05 09:36:00,3.130532002783956e-81
2013-04-05 09:37:00,0.0
2013-04-05 09:38:00,9.933861268735071e-83
2013-04-05 09:39:00,0.0
2013-04-05 09:40:00,4.509432156800162e-84
2013-04-05 09:41:00,1.3998792144083683e-84
2013-04-05 09:42:00,2.759540960806639e-85
2013-04-05 09:43:00,0.0
2013-04-05 09:44:00,1.0496992600106598e-84
2013-04-05 09:45:00,8.689269766488487e-85
2013-04-05 09:46:00,1.446375644400154e-84
2013-04-05 09:47:00,2.748447291477401e-85
2013-04-05 09:48:00,0.0
2013-04-05 09:49:00,1.9194212238329147e-83
2013-04-05 09:50:00,0.0
2013-04-05 09:51:00,5.743854038173676e-85
2013-04-05 09:52:00,0.0
2013-04-05 09:53:00,0.0
2013-04-05 09:54:00,0.0
2013-04-05 09:55:00,2.5842189841355466e-87
2013-04-05 09:56:00,0.0
2013-04-05 09:57:00,0.0
2013-04-05 09:58:00,0.0
2013-04-05 09:59:00,0.0
2013-04-05 10:00:00,3.7381927573283156e-84
2013-04-05 10:01:00,0.0
2013-04-05 10:02:00,1.186210145961663e-85
2013-04-05 10:03:00,0.0
2013-04-05 10:04:00,5.384748219541983e-87
2013-04-05 10:05:00,1.6716067231062995e-87
2013-04-05 10:06:00,3.2951894509904006e-88
2013-04-05 10:07:00,0.0
2013-04-05 10:08:00,1.2534540997990536e-87
2013-04-05 10:09:00,1.0375925023110079e-87
2013-04-05 10:10:00,1.7271284735867447e-87
2013-04-05 10:11:00,3.281941658636748e-88
2013-04-05 10:12:00,0.0
2013-04-05 10:13:00,2.2919959003958746e-86
2013-04-05 10:14:00,0.0
2013-04-05 10:15:00,6.858781043368444e-88
2013-04-05 10:16:00,0.0
2013-04-05 10:17:00,0.0
2013-04-05 10:18:00,0.0
2013-04-05 10:19:00,3.085836082026214e-90
2013-04-05 10:20:00,0.0
2013-04-05 10:21:00,0.0
2013-04-05 10:22:00,0.0
2013-04-05 10:23:00,0.0
2013-04-05 10:24:00,4.463805218574618e-87
2013-04-05 10:25:00,0.0
2013-04-05 10:26:00,1.4164628157340533e-88
2013-04-05 10:27:00,0.0
2013-04-05 10:28:00,6.429969978400886e-90
2013-04-05 10:29:00,1.996078667340681e-90
2013-04-05 10:30:00,3.93481150384681e-91
2013-04-05 10:31:00,0.0
2013-04-05 10:32:00,1.4967593482795267e-90
2013-04-05 10:33:00,1.238997326339305e-90
2013-04-05 10:34:00,2.062377623560709e-90
2013-04-05 10:35:00,3.9189913097823457e-91
2013-04-05 10:36:00,0.0
2013-04-05 10:37:00,2.7368902366001935e-89
2013-04-05 10:38:00,0.0
2013-04-05 10:39:00,8.190124102775462e-91
2013-04-05 10:40:00,0.0
2013-04-05 10:41:00,0.0
2013-04-05 10:42:00,0.0
2013-04-05 10:43:00,3.684820978250126e-93
2013-04-05 10:44:00,0.0
2013-04-05 10:45:00,0.0
2013-04-05 10:46:00,0.0
2013-04-05 10:47:00,0.0
2013-04-05 10:48:00,5.330264735629839e-90
2013-04-05 10:49:00,0.0
2013-04-05 10:50:00,1.6914093301155133e-91
2013-04-05 10:51:00,0.0
2013-04-05 10:52:00,7.678077458309351e-93
2013-04-05 10:53:00,2.383533154741433e-93
2013-04-05 10:54:00,4.6985892013437056e-94
2013-04-05 10:55:00,0.0
2013-04-05 10:56:00,1.78729204924321e-93
2013-04-05 10:57:00,1.4794964027369305e-93
2013-04-05 10:58:00,2.462701256572325e-93
2013-04-05 10:59:00,4.6796971072692195e-94
2013-04-05 11:00:00,0.0
2013-04-05 11:01:00,3.2681420441911295e-92
2013-04-05 11:02:00,0.0
2013-04-05 11:03:00,9.779891265623563e-94
2013-04-05 11:04:00,0.0
2013-04-05 11:05:00,0.0
2013-04-05 11:06:00,0.0
2013-04-05 11:07:00,4.400073523295097e-96
2013-04-05 11:08:00,0.0
2013-04-05 11:09:00,0.0
2013-04-05 11:10:00,0.0
2013-04-05 11:11:00,0.0
2013-04-05 11:12:00,6.364910823992331e-93
2013-04-05 11:13:00,0.0
2013-04-05 11:14:00,2.0197251140117114e-94
2013-04-05 11:15:00,0.0
2013-04-05 11:16:00,9.168452365069921e-96
2013-04-05 11:17:00,2.846195589736245e-96
2013-04-05 11:18:00,5.61062212545651e-97
2013-04-05 11:19:00,0.0
2013-04-05 11:20:00,2.1342194207504765e-96
2013-04-05 11:21:00,1.76667823180764e-96
2013-04-05 11:22:00,2.9407308389294007e-96
2013-04-05 11:23:00,5.588061642575823e-97
2013-04-05 11:24:00,0.0
2013-04-05 11:25:00,3.9025139840016284e-95
2013-04-05 11:26:00,0.0
2013-04-05 11:27:00,1.1678244672142101e-96
2013-04-05 11:28:00,0.0
2013-04-05 11:29:00,0.0
2013-04-05 11:30:00,0.0
2013-04-05 11:31:00,5.254162176311923e-99
2013-04-05 11:32:00,0.0
2013-04-05 11:33:00,0.0
2013-04-05 11:34:00,0.0
2013-04-05 11:35:00,0.0
2013-04-05 11:36:00,7.600389813018869e-96
2013-04-05 11:37:00,0.0
2013-04-05 11:38:00,2.4117695601756127e-97
2013-04-05 11:39:00,0.0
2013-04-05 11:40:00,1.094812070169785e-98
2013-04-05 11:41:00,3.3986644234083834e-99
2013-04-05 11:42:00,6.699687775568818e-100
2013-04-05 11:43:00,0.0
2013-04-05 11:44:00,2.5484881096165395e-99
2013-04-05 11:45:00,2.109604301145397e-99
2013-04-05 11:46:00,3.5115497033801282e-99
2013-04-05 11:47:00,6.672746591380862e-100
2013-04-05 11:48:00,0.0
2013-04-05 11:49:00,4.660022480478694e-98
2013-04-05 11:50:00,0.0
2013-04-05 11:51:00,1.394508332641668e-99
2013-04-05 11:52:00,0.0
2013-04-05 11:53:00,0.0
2013-04-05 11:54:00,0.0
2013-04-05 11:55:00,6.274036110722372e-102
2013-04-05 11:56:00,0.0
2013-04-05 11:57:00,0.0
2013-04-05 11:58:00,0.0
2013-04-05 11:59:00,0.0
2013-04-05 12:00:00,9.075684940014264e-99
2013-04-05 12:01:00,0.0
2013-04-05 12:02:00,2.879912900541345e-100
2013-04-05 12:03:00,0.0
2013-04-05 12:04:00,1.307323658631789e-101
2013-04-05 12:05:00,4.058371780420143e-102
2013-04-05 12:06:00,8.000149588839768e-103
2013-04-05 12:07:00,0.0
2013-04-05 12:08:00,3.0431695924559894e-102
2013-04-05 12:09:00,2.51909500399376e-102
2013-04-05 12:10:00,4.193168975572843e-102
2013-04-05 12:11:00,7.967977076977711e-103
2013-04-05 12:12:00,0.0
2013-04-05 12:13:00,5.564569302657428e-101
2013-04-05 12:14:00,0.0
2013-04-05 12:15:00,1.6651933097838919e-102
2013-04-05 12:16:00,0.0
2013-04-05 12:17:00,0.0
2013-04-05 12:18:00,0.0
2013-04-05 12:19:00,7.49187554509003e-105
2013-04-05 12:20:00,0.0
2013-04-05 12:21:00,0.0
2013-04-05 12:22:00,0.0
2013-04-05 12:23:00,0.0
2013-04-05 12:24:00,1.0837346393643093e-101
2013-04-05 12:25:00,0.0
2013-04-05 12:26:00,3.438926525841275e-103
2013-04-05 12:27:00,0.0
2013-04-05 12:28:00,1.5610854090724068e-104
2013-04-05 12:29:00,4.846133497226263e-105
2013-04-05 12:30:00,9.553041214428722e-106
2013-04-05 12:31:00,0.0
2013-04-05 12:32:00,3.6338726217726785e-105
2013-04-05 12:33:00,3.0080710565962005e-105
2013-04-05 12:34:00,5.007095881565333e-105
2013-04-05 12:35:00,9.514621577454584e-106
2013-04-05 12:36:00,0.0
2013-04-05 12:37:00,6.644695739943414e-104
2013-04-05 12:38:00,0.0
2013-04-05 12:39:00,1.988420358662389e-105
2013-04-05 12:40:00,0.0
2013-04-05 12:41:00,0.0
2013-04-05 12:42:00,0.0
2013-04-05 12:43:00,8.94610712985769e-108
2013-04-05 12:44:00,0.0
2013-04-05 12:45:00,0.0
2013-04-05 12:46:00,0.0
2013-04-05 12:47:00,0.0
2013-04-05 12:48:00,1.2940960118391277e-104
2013-04-05 12:49:00,0.0
2013-04-05 12:50:00,4.106449069314472e-106
2013-04-05 12:51:00,0.0
2013-04-05 12:52:00,1.8641043006666398e-107
2013-04-05 12:53:00,5.786805927008289e-108
2013-04-05 12:54:00,1.1407361253829882e-108
2013-04-05 12:55:00,0.0
2013-04-05 12:56:00,4.339235731062863e-108
2013-04-05 12:57:00,3.5919611873257465e-108
2013-04-05 12:58:00,5.9790123682682e-108
2013-04-05 12:59:00,1.1361481451010573e-108
2013-04-05 13:00:00,0.0
2013-04-05 13:01:00,7.934483169314992e-107
2013-04-05 13:02:00,0.0
2013-04-05 13:03:00,2.374388306458058e-108
2013-04-05 13:04:00,0.0
2013-04-05 13:05:00,0.0
2013-04-05 13:06:00,0.0
2013-04-05 13:07:00,1.0682616428584675e-110
2013-04-05 13:08:00,0.0
2013-04-05 13:09:00,0.0
2013-04-05 13:10:00,0.0
2013-04-05 13:11:00,0.0
2013-04-05 13:12:00,1.5452901725465397e-107
2013-04-05 13:13:00,0.0
2013-04-05 13:14:00,4.903542960909425e-109
2013-04-05 13:15:00,0.0
2013-04-05 13:16:00,2.2259415298927353e-110
2013-04-05 13:17:00,6.910070235585749e-111
2013-04-05 13:18:00,1.3621619320435515e-111
2013-04-05 13:19:00,0.0
2013-04-05 13:20:00,5.181515339012489e-111
2013-04-05 13:21:00,4.289188961464935e-111
2013-04-05 13:22:00,7.13958544942588e-111
2013-04-05 13:23:00,1.3566830767869963e-111
2013-04-05 13:24:00,0.0
2013-04-05 13:25:00,9.474628429665165e-110
2013-04-05 13:26:00,0.0
2013-04-05 13:27:00,2.835275652496975e-111
2013-04-05 13:28:00,0.0
2013-04-05 13:29:00,0.0
2013-04-05 13:30:00,0.0
2013-04-05 13:31:00,1.2756195751266682e-113
2013-04-05 13:32:00,0.0
2013-04-05 13:33:00,0.0
2013-04-05 13:34:00,0.0
2013-04-05 13:35:00,0.0
2013-04-05 13:36:00,1.8452430851519875e-110
2013-04-05 13:37:00,0.0
2013-04-05 13:38:00,5.855359013011796e-112
2013-04-05 13:39:00,0.0
2013-04-05 13:40:00,2.6580141962707105e-113
2013-04-05 13:41:00,8.251368935300333e-114
2013-04-05 13:42:00,1.6265682201356302e-114
2013-04-05 13:43:00,0.0
2013-04-05 13:44:00,6.1872880093208166e-114
2013-04-05 13:45:00,5.1217541024850326e-114
2013-04-05 13:46:00,8.525434846092833e-114
2013-04-05 13:47:00,1.6200255035195403e-114
2013-04-05 13:48:00,0.0
2013-04-05 13:49:00,1.1313727934716812e-112
2013-04-05 13:50:00,0.0
2013-04-05 13:51:00,3.385624838101491e-114
2013-04-05 13:52:00,0.0
2013-04-05 13:53:00,0.0
2013-04-05 13:54:00,0.0
2013-04-05 13:55:00,1.523227302341631e-116
2013-04-05 13:56:00,0.0
2013-04-05 13:57:00,0.0
2013-04-05 13:58:00,0.0
2013-04-05 13:59:00,0.0
2013-04-05 14:00:00,2.2034192048799035e-113
2013-04-05 14:01:00,0.0
2013-04-05 14:02:00,6.991930007461343e-115
2013-04-05 14:03:00,0.0
2013-04-05 14:04:00,3.173955547663052e-116
2013-04-05 14:05:00,9.853024207454812e-117
2013-04-05 14:06:00,1.9422978373694573e-117
2013-04-05 14:07:00,0.0
2013-04-05 14:08:00,7.388289024650689e-117
2013-04-05 14:09:00,6.115926652334481e-117
2013-04-05 14:10:00,1.0180288453697075e-116
2013-04-05 14:11:00,1.9344846832387052e-117
2013-04-05 14:12:00,0.0
2013-04-05 14:13:00,1.3509811042301207e-115
2013-04-05 14:14:00,0.0
2013-04-05 14:15:00,4.042801106225765e-117
2013-04-05 14:16:00,0.0
2013-04-05 14:17:00,0.0
2013-04-05 14:18:00,0.0
2013-04-05 14:19:00,1.8188976242141523e-119
2013-04-05 14:20:00,0.0
2013-04-05 14:21:00,0.0
2013-04-05 14:22:00,0.0
2013-04-05 14:23:00,0.0
2013-04-05 14:24:00,2.6311201117622333e-116
2013-04-05 14:25:00,0.0
2013-04-05 14:26:00,8.3491183240176e-118
2013-04-05 14:27:00,0.0
2013-04-05 14:28:00,3.7900451520068077e-119
2013-04-05 14:29:00,1.1765573299887469e-119
2013-04-05 14:30:00,2.3193130434673722e-120
2013-04-05 14:31:00,0.0
2013-04-05 14:32:00,8.822413734343982e-120
2013-04-05 14:33:00,7.303075873671262e-120
2013-04-05 14:34:00,1.2156362094301256e-119
2013-04-05 14:35:00,2.309982763576793e-120
2013-04-05 14:36:00,0.0
2013-04-05 14:37:00,1.613217106261025e-118
2013-04-05 14:38:00,0.0
2013-04-05 14:39:00,4.827540429336353e-120
2013-04-05 14:40:00,0.0
2013-04-05 14:41:00,0.0
2013-04-05 14:42:00,0.0
2013-04-05 14:43:00,2.1719598659280564e-122
2013-04-05 14:44:00,0.0
2013-04-05 14:45:00,0.0
2013-04-05 14:46:00,0.0
2013-04-05 14:47:00,0.0
2013-04-05 14:48:00,3.1418411109369584e-119
2013-04-05 14:49:00,0.0
2013-04-05 14:50:00,9.969747510924542e-121
2013-04-05 14:51:00,0.0
2013-04-05 14:52:00,4.525722568744439e-122
2013-04-05 14:53:00,1.4049363135664447e-122
2013-04-05 14:54:00,2.7695098507050735e-123
2013-04-05 14:55:00,0.0
2013-04-05 14:56:00,1.0534913271563749e-122
2013-04-05 14:57:00,8.720660048504846e-123
2013-04-05 14:58:00,1.4516007089572957e-122
2013-04-05 14:59:00,2.7583678559232886e-123
2013-04-05 15:00:00,0.0
2013-04-05 15:01:00,1.926355167947559e-121
2013-04-05 15:02:00,0.0
2013-04-05 15:03:00,5.764603794381057e-123
2013-04-05 15:04:00,0.0
2013-04-05 15:05:00,0.0
2013-04-05 15:06:00,0.0
2013-04-05 15:07:00,2.59355424758464e-125
2013-04-05 15:08:00,0.0
2013-04-05 15:09:00,0.0
2013-04-05 15:10:00,0.0
2013-04-05 15:11:00,0.0
2013-04-05 15:12:00,3.7516970518545494e-122
2013-04-05 15:13:00,0.0
2013-04-05 15:14:00,1.1904953502174943e-123
2013-04-05 15:15:00,0.0
2013-04-05 15:16:00,5.40420072789834e-125
2013-04-05 15:17:00,1.6776454447796004e-125
2013-04-05 15:18:00,3.307093380411268e-126
2013-04-05 15:19:00,0.0
2013-04-05 15:20:00,1.257982236848957e-125
2013-04-05 15:21:00,1.0413408404499868e-125
2013-04-05 15:22:00,1.7333677640559296e-125
2013-04-05 15:23:00,3.2937878795291286e-126
2013-04-05 15:24:00,0.0
2013-04-05 15:25:00,2.3002757773124206e-124
2013-04-05 15:26:00,0.0
2013-04-05 15:27:00,6.883558489589033e-126
2013-04-05 15:28:00,0.0
2013-04-05 15:29:00,0.0
2013-04-05 15:30:00,0.0
2013-04-05 15:31:00,3.09698339305646e-128
2013-04-05 15:32:00,0.0
2013-04-05 15:33:00,0.0
2013-04-05 15:34:00,0.0
2013-04-05 15:35:00,0.0
2013-04-05 15:36:00,4.479930802323931e-125
2013-04-05 15:37:00,0.0
2013-04-05 15:38:00,1.4215798116616907e-126
2013-04-05 15:39:00,0.0
2013-04-05 15:40:00,6.453198370822654e-128
2013-04-05 15:41:00,2.0032895521400008e-128
2013-04-05 15:42:00,3.9490260791004773e-129
2013-04-05 15:43:00,0.0
2013-04-05 15:44:00,1.502166432161434e-128
2013-04-05 15:45:00,1.2434732462424138e-128
2013-04-05 15:46:00,2.0698280091268845e-128
2013-04-05 15:47:00,3.933136971573719e-129
2013-04-05 15:48:00,0.0
2013-04-05 15:49:00,2.7467773024056903e-127
2013-04-05 15:50:00,0.0
2013-04-05 15:51:00,8.219711045150963e-129
2013-04-05 15:52:00,0.0
2013-04-05 15:53:00,0.0
2013-04-05 15:54:00,0.0
2013-04-05 15:55:00,3.698132069456352e-131
2013-04-05 15:56:00,0.0
2013-04-05 15:57:00,0.0
2013-04-05 15:58:00,0.0
2013-04-05 15:59:00,0.0
2013-04-05 16:00:00,5.349520421348997e-128
2013-04-05 16:01:00,0.0
2013-04-05 16:02:00,1.6975195749860667e-129
2013-04-05 16:03:00,0.0
2013-04-05 16:04:00,7.705814663435562e-131
2013-04-05 16:05:00,2.392143728700976e-131
2013-04-05 16:06:00,4.715562936864016e-132
2013-04-05 16:07:00,0.0
2013-04-05 16:08:00,1.7937486904145728e-131
2013-04-05 16:09:00,1.4848411337180326e-131
2013-04-05 16:10:00,2.471597820269563e-131
2013-04-05 16:11:00,4.696588548795909e-132
2013-04-05 16:12:00,0.0
2013-04-05 16:13:00,3.279948266823122e-130
2013-04-05 16:14:00,0.0
2013-04-05 16:15:00,9.815221264984204e-132
2013-04-05 16:16:00,0.0
2013-04-05 16:17:00,0.0
2013-04-05 16:18:00,0.0
2013-04-05 16:19:00,4.415968401317223e-134
2013-04-05 16:20:00,0.0
2013-04-05 16:21:00,0.0
2013-04-05 16:22:00,0.0
2013-04-05 16:23:00,0.0
2013-04-05 16:24:00,6.38790418896312e-131
2013-04-05 16:25:00,0.0
2013-04-05 16:26:00,2.02702140521579e-132
2013-04-05 16:27:00,0.0
2013-04-05 16:28:00,9.201573578722767e-134
2013-04-05 16:29:00,2.8564775434737044e-134
2013-04-05 16:30:00,5.630890595837921e-135
2013-04-05 16:31:00,0.0
2013-04-05 16:32:00,2.1419293464934883e-134
2013-04-05 16:33:00,1.773060416895562e-134
2013-04-05 16:34:00,2.951354295248004e-134
2013-04-05 16:35:00,5.608231840411577e-135
2013-04-05 16:36:00,0.0
2013-04-05 16:37:00,3.916611886815087e-133
2013-04-05 16:38:00,0.0
2013-04-05 16:39:00,1.1720432500778837e-134
2013-04-05 16:40:00,0.0
2013-04-05 16:41:00,0.0
2013-04-05 16:42:00,0.0
2013-04-05 16:43:00,5.273142374360614e-137
2013-04-05 16:44:00,0.0
2013-04-05 16:45:00,0.0
2013-04-05 16:46:00,0.0
2013-04-05 16:47:00,0.0
2013-04-05 16:48:00,7.627846370027061e-134
2013-04-05 16:49:00,0.0
2013-04-05 16:50:00,2.4204821185857147e-135
2013-04-05 16:51:00,0.0
2013-04-05 16:52:00,1.098767100205602e-136
2013-04-05 16:53:00,3.4109421848161523e-137
2013-04-05 16:54:00,6.72389051462475e-138
2013-04-05 16:55:00,0.0
2013-04-05 16:56:00,2.5576945922729405e-137
2013-04-05 16:57:00,2.1172253183005175e-137
2013-04-05 16:58:00,3.524235255689309e-137
2013-04-05 16:59:00,6.69683197687567e-138
2013-04-05 17:00:00,0.0
2013-04-05 17:01:00,4.676856896526307e-136
2013-04-05 17:02:00,0.0
2013-04-05 17:03:00,1.3995460142643421e-137
2013-04-05 17:04:00,0.0
2013-04-05 17:05:00,0.0
2013-04-05 17:06:00,0.0
2013-04-05 17:07:00,6.296700513523449e-140
2013-04-05 17:08:00,0.0
2013-04-05 17:09:00,0.0
2013-04-05 17:10:00,0.0
2013-04-05 17:11:00,0.0
2013-04-05 17:12:00,9.108471029553654e-137
2013-04-05 17:13:00,0.0
2013-04-05 17:14:00,2.8903166347024687e-138
2013-04-05 17:15:00,0.0
2013-04-05 17:16:00,1.312046390941106e-139
2013-04-05 17:17:00,4.0730327513829826e-140
2013-04-05 17:18:00,8.029050268900294e-141
2013-04-05 17:19:00,0.0
2013-04-05 17:20:00,3.0541631254325464e-140
2013-04-05 17:21:00,2.5281953202143863e-140
2013-04-05 17:22:00,4.208316892838449e-140
2013-04-05 17:23:00,7.996737617610845e-141
2013-04-05 17:24:00,0.0
2013-04-05 17:25:00,5.584671410567656e-139
2013-04-05 17:26:00,0.0
2013-04-05 17:27:00,1.671208844821255e-140
2013-04-05 17:28:00,0.0
2013-04-05 17:29:00,0.0
2013-04-05 17:30:00,0.0
2013-04-05 17:31:00,7.51893928557428e-143
2013-04-05 17:32:00,0.0
2013-04-05 17:33:00,0.0
2013-04-05 17:34:00,0.0
2013-04-05 17:35:00,0.0
2013-04-05 17:36:00,1.0876496519675427e-139
2013-04-05 17:37:00,0.0
2013-04-05 17:38:00,3.4513497061977976e-141
2013-04-05 17:39:00,0.0
2013-04-05 17:40:00,1.5667248606728964e-142
2013-04-05 17:41:00,4.863640277365939e-143
2013-04-05 17:42:00,9.587551742597886e-144
2013-04-05 17:43:00,0.0
2013-04-05 17:44:00,3.6470000855193916e-143
2013-04-05 17:45:00,3.0189378154067026e-143
2013-04-05 17:46:00,5.02518412809123e-143
2013-04-05 17:47:00,9.54896475612982e-144
2013-04-05 17:48:00,0.0
2013-04-05 17:49:00,6.668699824272321e-142
2013-04-05 17:50:00,0.0
2013-04-05 17:51:00,1.995603556112356e-143
2013-04-05 17:52:00,0.0
2013-04-05 17:53:00,0.0
2013-04-05 17:54:00,0.0
2013-04-05 17:55:00,8.978424153845805e-146
2013-04-05 17:56:00,0.0
2013-04-05 17:57:00,0.0
2013-04-05 17:58:00,0.0
2013-04-05 17:59:00,0.0
2013-04-05 18:00:00,1.2987709590191094e-142
2013-04-05 18:01:00,0.0
2013-04-05 18:02:00,4.121283686172271e-144
2013-04-05 18:03:00,0.0
2013-04-05 18:04:00,1.870838413944991e-145
2013-04-05 18:05:00,5.807710910152706e-146
2013-04-05 18:06:00,1.1448570545515058e-146
2013-04-05 18:07:00,0.0
2013-04-05 18:08:00,4.354911338239259e-146
2013-04-05 18:09:00,3.604937269055519e-146
2013-04-05 18:10:00,6.000611684969284e-146
2013-04-05 18:11:00,1.1402490899913616e-146
2013-04-05 18:12:00,0.0
2013-04-05 18:13:00,7.963146634213411e-145
2013-04-05 18:14:00,0.0
2013-04-05 18:15:00,2.382965818729992e-146
2013-04-05 18:16:00,0.0
2013-04-05 18:17:00,0.0
2013-04-05 18:18:00,0.0
2013-04-05 18:19:00,1.0721206439453894e-148
2013-04-05 18:20:00,0.0
2013-04-05 18:21:00,0.0
2013-04-05 18:22:00,0.0
2013-04-05 18:23:00,0.0
2013-04-05 18:24:00,1.5508725635502288e-145
2013-04-05 18:25:00,0.0
2013-04-05 18:26:00,4.921257092959531e-147
2013-04-05 18:27:00,0.0
2013-04-05 18:28:00,2.2339827872450892e-148
2013-04-05 18:29:00,6.93503303952694e-149
2013-04-05 18:30:00,1.3670827658044008e-149
2013-04-05 18:31:00,0.0
2013-04-05 18:32:00,5.200233704196336e-149
2013-04-05 18:33:00,4.304683802198401e-149
2013-04-05 18:34:00,7.1653773624941665e-149
2013-04-05 18:35:00,1.3615800460373847e-149
2013-04-05 18:36:00,0.0
2013-04-05 18:37:00,9.508855697355332e-148
2013-04-05 18:38:00,0.0
2013-04-05 18:39:00,2.845518127006073e-149
2013-04-05 18:40:00,0.0
2013-04-05 18:41:00,0.0
2013-04-05 18:42:00,0.0
2013-04-05 18:43:00,1.2802276384787694e-151
2013-04-05 18:44:00,0.0
2013-04-05 18:45:00,0.0
2013-04-05 18:46:00,0.0
2013-04-05 18:47:00,0.0
2013-04-05 18:48:00,1.8519090619252667e-148
2013-04-05 18:49:00,0.0
2013-04-05 18:50:00,5.876511596681223e-150
2013-04-05 18:51:00,0.0
2013-04-05 18:52:00,2.6676163245887226e-151
2013-04-05 18:53:00,8.281177214804883e-152
2013-04-05 18:54:00,1.6324442262283545e-152
2013-04-05 18:55:00,0.0
2013-04-05 18:56:00,6.209639755649562e-152
2013-04-05 18:57:00,5.140256613054509e-152
2013-04-05 18:58:00,8.556233171286549e-152
2013-04-05 18:59:00,1.6258730114672687e-152
2013-04-05 19:00:00,0.0
2013-04-05 19:01:00,1.1354598982850248e-150
2013-04-05 19:02:00,0.0
2013-04-05 19:03:00,3.397855457043635e-152
2013-04-05 19:04:00,0.0
2013-04-05 19:05:00,0.0
2013-04-05 19:06:00,0.0
2013-04-05 19:07:00,1.5287298267977486e-154
2013-04-05 19:08:00,0.0
2013-04-05 19:09:00,0.0
2013-04-05 19:10:00,0.0
2013-04-05 19:11:00,0.0
2013-04-05 19:12:00,2.2113790998984597e-151
2013-04-05 19:13:00,0.0
2013-04-05 19:14:00,7.01718847311049e-153
2013-04-05 19:15:00,0.0
2013-04-05 19:16:00,3.1854215242131686e-154
2013-04-05 19:17:00,9.888618507242387e-155
2013-04-05 19:18:00,1.9493144222166114e-155
2013-04-05 19:19:00,0.0
2013-04-05 19:20:00,7.414979419834115e-155
2013-04-05 19:21:00,6.138020644990643e-155
2013-04-05 19:22:00,1.0217064974780508e-154
2013-04-05 19:23:00,1.9414672366202736e-155
2013-04-05 19:24:00,0.0
2013-04-05 19:25:00,1.355861548064103e-153
2013-04-05 19:26:00,0.0
2013-04-05 19:27:00,4.0574057839894186e-155
2013-04-05 19:28:00,0.0
2013-04-05 19:29:00,0.0
2013-04-05 19:30:00,0.0
2013-04-05 19:31:00,1.8254682316638883e-157
2013-04-05 19:32:00,0.0
2013-04-05 19:33:00,0.0
2013-04-05 19:34:00,0.0
2013-04-05 19:35:00,0.0
2013-04-05 19:36:00,2.640625084680893e-154
2013-04-05 19:37:00,0.0
2013-04-05 19:38:00,8.379279655461529e-156
2013-04-05 19:39:00,0.0
2013-04-05 19:40:00,3.803736764313341e-157
2013-04-05 19:41:00,1.1808076731767012e-157
2013-04-05 19:42:00,2.3276916023286828e-158
2013-04-05 19:43:00,0.0
2013-04-05 19:44:00,8.854284944072741e-158
2013-04-05 19:45:00,7.329458483191064e-158
2013-04-05 19:46:00,1.2200277225870689e-157
